MEME version 5.1.1

Alphabet= ACDEFGHIKLMNPQRSTVWY

Background letter frequencies
A 0.049209 C 0.004517 D 0.091508 E 0.089230 F 0.021819 G 0.066166 H 0.015810 I 0.025839 K 0.036749 L 0.050089 M 0.009704 N 0.037304 P 0.085881 Q 0.026298 R 0.071219 S 0.211591 T 0.043409 V 0.043907 W 0.003062 Y 0.016690 

MOTIF xxxxxx_S_PVxxxx    ......SPV....
letter-probability matrix: alength= 20 w= 13 nsites= 71 E= 6.4e-011
0.084507	0.000000	0.042254	0.028169	0.014085	0.042254	0.014085	0.042254	0.098592	0.042254	0.000000	0.098592	0.042254	0.056338	0.140845	0.126761	0.056338	0.056338	0.000000	0.014085	
0.014085	0.000000	0.042254	0.042254	0.028169	0.112676	0.042254	0.042254	0.042254	0.028169	0.014085	0.028169	0.070423	0.042254	0.183099	0.112676	0.042254	0.070423	0.028169	0.014085	
0.056338	0.014085	0.056338	0.056338	0.014085	0.098592	0.000000	0.028169	0.028169	0.042254	0.000000	0.056338	0.098592	0.028169	0.056338	0.295775	0.028169	0.014085	0.000000	0.028169	
0.056338	0.000000	0.056338	0.056338	0.000000	0.154930	0.000000	0.014085	0.042254	0.098592	0.000000	0.042254	0.112676	0.014085	0.169014	0.140845	0.028169	0.014085	0.000000	0.000000	
0.056338	0.028169	0.056338	0.014085	0.028169	0.070423	0.014085	0.042254	0.000000	0.098592	0.000000	0.042254	0.183099	0.014085	0.028169	0.295775	0.014085	0.014085	0.000000	0.000000	
0.028169	0.000000	0.070423	0.042254	0.014085	0.140845	0.014085	0.070423	0.028169	0.028169	0.014085	0.028169	0.140845	0.028169	0.140845	0.098592	0.042254	0.070423	0.000000	0.000000	
0.000000	0.000000	0.000000	0.000000	0.000000	0.000000	0.000000	0.000000	0.000000	0.000000	0.000000	0.000000	0.000000	0.000000	0.000000	1.000000	0.000000	0.000000	0.000000	0.000000	
0.000000	0.000000	0.000000	0.000000	0.000000	0.000000	0.000000	0.000000	0.000000	0.000000	0.000000	0.000000	1.000000	0.000000	0.000000	0.000000	0.000000	0.000000	0.000000	0.000000	
0.000000	0.000000	0.000000	0.000000	0.000000	0.000000	0.000000	0.000000	0.000000	0.000000	0.000000	0.000000	0.000000	0.000000	0.000000	0.000000	0.000000	1.000000	0.000000	0.000000	
0.056338	0.000000	0.028169	0.028169	0.028169	0.042254	0.056338	0.014085	0.042254	0.056338	0.000000	0.084507	0.028169	0.042254	0.112676	0.281690	0.042254	0.014085	0.000000	0.042254	
0.042254	0.000000	0.140845	0.084507	0.014085	0.098592	0.014085	0.014085	0.042254	0.014085	0.000000	0.028169	0.112676	0.014085	0.042254	0.267606	0.014085	0.042254	0.014085	0.000000	
0.098592	0.000000	0.098592	0.014085	0.014085	0.084507	0.000000	0.028169	0.028169	0.070423	0.000000	0.098592	0.126761	0.014085	0.183099	0.070423	0.014085	0.056338	0.000000	0.000000	
0.100000	0.000000	0.071429	0.028571	0.000000	0.114286	0.014286	0.028571	0.014286	0.085714	0.000000	0.028571	0.100000	0.057143	0.114286	0.157143	0.028571	0.042857	0.000000	0.014286	

MOTIF xxSPxx_S_Pxxxxx    ..SP..SP.....
letter-probability matrix: alength= 20 w= 13 nsites= 77 E= 5.0e-016
0.051948	0.000000	0.025974	0.038961	0.025974	0.038961	0.025974	0.051948	0.038961	0.064935	0.000000	0.064935	0.116883	0.012987	0.090909	0.246753	0.051948	0.038961	0.000000	0.012987	
0.025974	0.012987	0.038961	0.025974	0.025974	0.038961	0.012987	0.051948	0.025974	0.090909	0.025974	0.038961	0.155844	0.038961	0.077922	0.155844	0.012987	0.090909	0.012987	0.038961	
0.000000	0.000000	0.000000	0.000000	0.000000	0.000000	0.000000	0.000000	0.000000	0.000000	0.000000	0.000000	0.000000	0.000000	0.000000	1.000000	0.000000	0.000000	0.000000	0.000000	
0.000000	0.000000	0.000000	0.000000	0.000000	0.000000	0.000000	0.000000	0.000000	0.000000	0.000000	0.000000	1.000000	0.000000	0.000000	0.000000	0.000000	0.000000	0.000000	0.000000	
0.077922	0.038961	0.025974	0.077922	0.051948	0.012987	0.012987	0.051948	0.025974	0.051948	0.025974	0.012987	0.194805	0.012987	0.038961	0.181818	0.051948	0.051948	0.000000	0.000000	
0.103896	0.012987	0.051948	0.012987	0.012987	0.051948	0.038961	0.012987	0.051948	0.051948	0.051948	0.064935	0.077922	0.038961	0.103896	0.155844	0.025974	0.051948	0.000000	0.025974	
0.000000	0.000000	0.000000	0.000000	0.000000	0.000000	0.000000	0.000000	0.000000	0.000000	0.000000	0.000000	0.000000	0.000000	0.000000	1.000000	0.000000	0.000000	0.000000	0.000000	
0.000000	0.000000	0.000000	0.000000	0.000000	0.000000	0.000000	0.000000	0.000000	0.000000	0.000000	0.000000	1.000000	0.000000	0.000000	0.000000	0.000000	0.000000	0.000000	0.000000	
0.064935	0.000000	0.025974	0.064935	0.025974	0.025974	0.000000	0.077922	0.064935	0.025974	0.000000	0.025974	0.168831	0.025974	0.233766	0.090909	0.051948	0.000000	0.000000	0.025974	
0.103896	0.000000	0.025974	0.064935	0.025974	0.064935	0.051948	0.025974	0.064935	0.090909	0.012987	0.051948	0.064935	0.012987	0.207792	0.064935	0.025974	0.038961	0.000000	0.000000	
0.038961	0.000000	0.051948	0.051948	0.012987	0.051948	0.064935	0.077922	0.077922	0.051948	0.012987	0.038961	0.077922	0.051948	0.051948	0.181818	0.077922	0.025974	0.000000	0.000000	
0.025974	0.000000	0.038961	0.077922	0.000000	0.064935	0.038961	0.051948	0.077922	0.025974	0.000000	0.012987	0.129870	0.038961	0.129870	0.103896	0.038961	0.090909	0.038961	0.012987	
0.040000	0.000000	0.066667	0.080000	0.000000	0.026667	0.040000	0.000000	0.066667	0.026667	0.026667	0.053333	0.106667	0.026667	0.106667	0.200000	0.106667	0.000000	0.000000	0.026667	

MOTIF xxxxxQ_S_Pxxxxx    .....QSP.....
letter-probability matrix: alength= 20 w= 13 nsites= 37 E= 1.7e-005
0.000000	0.000000	0.081081	0.108108	0.027027	0.108108	0.027027	0.027027	0.000000	0.081081	0.027027	0.027027	0.243243	0.000000	0.027027	0.054054	0.054054	0.081081	0.000000	0.027027	
0.135135	0.000000	0.054054	0.135135	0.027027	0.027027	0.027027	0.027027	0.054054	0.000000	0.000000	0.027027	0.081081	0.054054	0.027027	0.216216	0.000000	0.108108	0.000000	0.000000	
0.054054	0.000000	0.054054	0.081081	0.000000	0.054054	0.000000	0.054054	0.000000	0.135135	0.000000	0.054054	0.027027	0.081081	0.027027	0.189189	0.108108	0.027027	0.000000	0.054054	
0.027027	0.000000	0.027027	0.054054	0.000000	0.054054	0.027027	0.054054	0.027027	0.135135	0.054054	0.081081	0.054054	0.135135	0.054054	0.000000	0.027027	0.135135	0.000000	0.054054	
0.081081	0.000000	0.027027	0.054054	0.000000	0.027027	0.000000	0.000000	0.054054	0.081081	0.000000	0.162162	0.108108	0.027027	0.000000	0.216216	0.081081	0.081081	0.000000	0.000000	
0.000000	0.000000	0.000000	0.000000	0.000000	0.000000	0.000000	0.000000	0.000000	0.000000	0.000000	0.000000	0.000000	1.000000	0.000000	0.000000	0.000000	0.000000	0.000000	0.000000	
0.000000	0.000000	0.000000	0.000000	0.000000	0.000000	0.000000	0.000000	0.000000	0.000000	0.000000	0.000000	0.000000	0.000000	0.000000	1.000000	0.000000	0.000000	0.000000	0.000000	
0.000000	0.000000	0.000000	0.000000	0.000000	0.000000	0.000000	0.000000	0.000000	0.000000	0.000000	0.000000	1.000000	0.000000	0.000000	0.000000	0.000000	0.000000	0.000000	0.000000	
0.000000	0.000000	0.081081	0.081081	0.027027	0.027027	0.027027	0.027027	0.189189	0.027027	0.000000	0.027027	0.135135	0.054054	0.216216	0.081081	0.000000	0.000000	0.000000	0.000000	
0.000000	0.000000	0.081081	0.000000	0.000000	0.027027	0.081081	0.081081	0.054054	0.027027	0.027027	0.027027	0.054054	0.027027	0.189189	0.135135	0.027027	0.135135	0.000000	0.027027	
0.000000	0.000000	0.083333	0.083333	0.000000	0.027778	0.027778	0.027778	0.027778	0.083333	0.083333	0.138889	0.055556	0.000000	0.083333	0.138889	0.000000	0.083333	0.000000	0.055556	
0.055556	0.000000	0.055556	0.083333	0.000000	0.138889	0.055556	0.083333	0.111111	0.055556	0.027778	0.000000	0.111111	0.000000	0.027778	0.138889	0.027778	0.000000	0.000000	0.027778	
0.055556	0.000000	0.055556	0.055556	0.000000	0.027778	0.027778	0.055556	0.027778	0.055556	0.055556	0.166667	0.111111	0.166667	0.055556	0.000000	0.027778	0.055556	0.000000	0.000000	

MOTIF xxxxxx_S_PxxSPx    ......SP..SP.
letter-probability matrix: alength= 20 w= 13 nsites= 57 E= 1.4e-011
0.070175	0.000000	0.052632	0.070175	0.017544	0.017544	0.017544	0.035088	0.070175	0.122807	0.017544	0.052632	0.087719	0.000000	0.087719	0.175439	0.035088	0.052632	0.000000	0.017544	
0.017544	0.000000	0.017544	0.105263	0.035088	0.105263	0.087719	0.035088	0.122807	0.035088	0.000000	0.035088	0.122807	0.017544	0.070175	0.087719	0.017544	0.052632	0.017544	0.017544	
0.017544	0.000000	0.035088	0.052632	0.087719	0.035088	0.035088	0.087719	0.035088	0.035088	0.000000	0.052632	0.140351	0.017544	0.140351	0.140351	0.035088	0.035088	0.000000	0.017544	
0.052632	0.000000	0.000000	0.122807	0.017544	0.122807	0.035088	0.087719	0.035088	0.052632	0.000000	0.000000	0.087719	0.000000	0.140351	0.087719	0.105263	0.052632	0.000000	0.000000	
0.052632	0.000000	0.052632	0.035088	0.017544	0.017544	0.035088	0.070175	0.035088	0.035088	0.000000	0.105263	0.087719	0.017544	0.105263	0.228070	0.052632	0.035088	0.000000	0.017544	
0.017544	0.017544	0.052632	0.017544	0.035088	0.035088	0.017544	0.035088	0.017544	0.105263	0.035088	0.017544	0.210526	0.000000	0.157895	0.087719	0.017544	0.052632	0.000000	0.070175	
0.000000	0.000000	0.000000	0.000000	0.000000	0.000000	0.000000	0.000000	0.000000	0.000000	0.000000	0.000000	0.000000	0.000000	0.000000	1.000000	0.000000	0.000000	0.000000	0.000000	
0.000000	0.000000	0.000000	0.000000	0.000000	0.000000	0.000000	0.000000	0.000000	0.000000	0.000000	0.000000	1.000000	0.000000	0.000000	0.000000	0.000000	0.000000	0.000000	0.000000	
0.105263	0.035088	0.035088	0.087719	0.052632	0.017544	0.017544	0.035088	0.000000	0.052632	0.052632	0.017544	0.157895	0.017544	0.052632	0.192982	0.070175	0.000000	0.000000	0.000000	
0.122807	0.000000	0.035088	0.017544	0.017544	0.070175	0.035088	0.000000	0.052632	0.070175	0.035088	0.070175	0.070175	0.000000	0.157895	0.157895	0.035088	0.035088	0.000000	0.017544	
0.000000	0.000000	0.000000	0.000000	0.000000	0.000000	0.000000	0.000000	0.000000	0.000000	0.000000	0.000000	0.000000	0.000000	0.000000	1.000000	0.000000	0.000000	0.000000	0.000000	
0.000000	0.000000	0.000000	0.000000	0.000000	0.000000	0.000000	0.000000	0.000000	0.000000	0.000000	0.000000	1.000000	0.000000	0.000000	0.000000	0.000000	0.000000	0.000000	0.000000	
0.035088	0.000000	0.035088	0.052632	0.035088	0.052632	0.000000	0.070175	0.105263	0.017544	0.000000	0.000000	0.175439	0.017544	0.122807	0.105263	0.052632	0.087719	0.000000	0.035088	

MOTIF xxxxxx_S_Pxxxxx    ......SP.....
letter-probability matrix: alength= 20 w= 13 nsites= 618 E= 6.5e-065
0.043902	0.003252	0.050407	0.061789	0.022764	0.081301	0.021138	0.035772	0.034146	0.063415	0.009756	0.034146	0.087805	0.039024	0.104065	0.191870	0.039024	0.063415	0.000000	0.013008	
0.034091	0.003247	0.053571	0.043831	0.022727	0.056818	0.024351	0.034091	0.037338	0.074675	0.008117	0.042208	0.110390	0.025974	0.136364	0.168831	0.061688	0.043831	0.001623	0.016234	
0.053485	0.001621	0.084279	0.051864	0.027553	0.066451	0.017828	0.017828	0.029173	0.055105	0.006483	0.045381	0.076175	0.043760	0.100486	0.228525	0.040519	0.035656	0.000000	0.017828	
0.061588	0.008104	0.059968	0.050243	0.021070	0.094003	0.021070	0.030794	0.037277	0.061588	0.012966	0.037277	0.055105	0.045381	0.160454	0.136143	0.034036	0.038898	0.001621	0.032415	
0.061489	0.008091	0.061489	0.055016	0.024272	0.042071	0.014563	0.027508	0.027508	0.045307	0.014563	0.037217	0.171521	0.021036	0.056634	0.241100	0.032362	0.046926	0.003236	0.008091	
0.093851	0.004854	0.058252	0.072816	0.024272	0.071197	0.022654	0.027508	0.027508	0.087379	0.009709	0.035599	0.121359	0.000000	0.114887	0.119741	0.033981	0.045307	0.001618	0.027508	
0.000000	0.000000	0.000000	0.000000	0.000000	0.000000	0.000000	0.000000	0.000000	0.000000	0.000000	0.000000	0.000000	0.000000	0.000000	1.000000	0.000000	0.000000	0.000000	0.000000	
0.000000	0.000000	0.000000	0.000000	0.000000	0.000000	0.000000	0.000000	0.000000	0.000000	0.000000	0.000000	1.000000	0.000000	0.000000	0.000000	0.000000	0.000000	0.000000	0.000000	
0.078560	0.008183	0.050736	0.067103	0.016367	0.050736	0.008183	0.032733	0.083470	0.031097	0.013093	0.026187	0.134206	0.029460	0.121113	0.194763	0.040917	0.000000	0.001637	0.011457	
0.068740	0.001637	0.045827	0.047463	0.027823	0.039280	0.021277	0.029460	0.049100	0.052373	0.003273	0.037643	0.145663	0.032733	0.109656	0.157119	0.044190	0.057283	0.003273	0.026187	
0.062193	0.003273	0.054010	0.060556	0.021277	0.063830	0.016367	0.037643	0.037643	0.058920	0.008183	0.045827	0.096563	0.026187	0.121113	0.163666	0.036007	0.055646	0.000000	0.031097	
0.067434	0.003289	0.055921	0.052632	0.021382	0.082237	0.018092	0.026316	0.049342	0.054276	0.008224	0.039474	0.059211	0.037829	0.131579	0.159539	0.042763	0.054276	0.004934	0.031250	
0.078947	0.004934	0.047697	0.039474	0.018092	0.085526	0.018092	0.021382	0.047697	0.059211	0.004934	0.041118	0.105263	0.029605	0.126645	0.174342	0.032895	0.047697	0.001645	0.014803	

MOTIF xxxxxS_S_DxExxx    .....SSD.E...
letter-probability matrix: alength= 20 w= 13 nsites= 29 E= 3.9e-004
0.068966	0.000000	0.068966	0.068966	0.034483	0.137931	0.034483	0.000000	0.103448	0.034483	0.034483	0.068966	0.000000	0.034483	0.103448	0.103448	0.034483	0.034483	0.000000	0.034483	
0.034483	0.000000	0.103448	0.137931	0.103448	0.137931	0.034483	0.034483	0.068966	0.034483	0.000000	0.034483	0.000000	0.034483	0.068966	0.103448	0.000000	0.034483	0.000000	0.034483	
0.068966	0.000000	0.206897	0.172414	0.068966	0.034483	0.103448	0.000000	0.068966	0.068966	0.000000	0.034483	0.000000	0.034483	0.034483	0.103448	0.000000	0.000000	0.000000	0.000000	
0.034483	0.000000	0.103448	0.068966	0.103448	0.172414	0.034483	0.068966	0.000000	0.103448	0.000000	0.034483	0.034483	0.103448	0.000000	0.000000	0.068966	0.000000	0.000000	0.068966	
0.000000	0.000000	0.172414	0.137931	0.068966	0.103448	0.034483	0.000000	0.000000	0.034483	0.034483	0.034483	0.034483	0.000000	0.000000	0.137931	0.103448	0.068966	0.000000	0.034483	
0.000000	0.000000	0.000000	0.000000	0.000000	0.000000	0.000000	0.000000	0.000000	0.000000	0.000000	0.000000	0.000000	0.000000	0.000000	1.000000	0.000000	0.000000	0.000000	0.000000	
0.000000	0.000000	0.000000	0.000000	0.000000	0.000000	0.000000	0.000000	0.000000	0.000000	0.000000	0.000000	0.000000	0.000000	0.000000	1.000000	0.000000	0.000000	0.000000	0.000000	
0.000000	0.000000	1.000000	0.000000	0.000000	0.000000	0.000000	0.000000	0.000000	0.000000	0.000000	0.000000	0.000000	0.000000	0.000000	0.000000	0.000000	0.000000	0.000000	0.000000	
0.034483	0.000000	0.482759	0.379310	0.000000	0.000000	0.000000	0.000000	0.000000	0.000000	0.000000	0.034483	0.000000	0.034483	0.000000	0.034483	0.000000	0.000000	0.000000	0.000000	
0.000000	0.000000	0.000000	1.000000	0.000000	0.000000	0.000000	0.000000	0.000000	0.000000	0.000000	0.000000	0.000000	0.000000	0.000000	0.000000	0.000000	0.000000	0.000000	0.000000	
0.000000	0.000000	0.413793	0.206897	0.034483	0.068966	0.000000	0.034483	0.034483	0.034483	0.000000	0.000000	0.068966	0.000000	0.034483	0.000000	0.000000	0.068966	0.000000	0.000000	
0.068966	0.034483	0.172414	0.241379	0.000000	0.068966	0.000000	0.068966	0.034483	0.000000	0.034483	0.000000	0.000000	0.000000	0.137931	0.068966	0.000000	0.068966	0.000000	0.000000	
0.068966	0.000000	0.068966	0.137931	0.000000	0.000000	0.068966	0.034483	0.103448	0.068966	0.000000	0.068966	0.103448	0.000000	0.034483	0.103448	0.034483	0.103448	0.000000	0.000000	

MOTIF xxxxxx_S_DxExxx    ......SD.E...
letter-probability matrix: alength= 20 w= 13 nsites= 133 E= 1.5e-013
0.090909	0.000000	0.106061	0.136364	0.022727	0.106061	0.007576	0.000000	0.037879	0.075758	0.015152	0.022727	0.037879	0.030303	0.083333	0.121212	0.015152	0.068182	0.007576	0.015152	
0.022727	0.000000	0.136364	0.143939	0.053030	0.060606	0.015152	0.030303	0.068182	0.045455	0.015152	0.075758	0.053030	0.015152	0.075758	0.075758	0.015152	0.030303	0.007576	0.060606	
0.075758	0.000000	0.136364	0.143939	0.030303	0.075758	0.015152	0.015152	0.083333	0.060606	0.007576	0.022727	0.045455	0.022727	0.037879	0.121212	0.053030	0.030303	0.007576	0.015152	
0.045113	0.000000	0.203008	0.187970	0.030075	0.067669	0.000000	0.045113	0.052632	0.037594	0.030075	0.030075	0.022556	0.015038	0.022556	0.135338	0.022556	0.045113	0.000000	0.007519	
0.045113	0.007519	0.210526	0.195489	0.045113	0.030075	0.015038	0.067669	0.037594	0.045113	0.000000	0.022556	0.037594	0.022556	0.000000	0.105263	0.015038	0.052632	0.007519	0.037594	
0.052632	0.007519	0.255639	0.195489	0.022556	0.075188	0.022556	0.030075	0.030075	0.075188	0.022556	0.045113	0.037594	0.030075	0.015038	0.000000	0.030075	0.030075	0.007519	0.015038	
0.000000	0.000000	0.000000	0.000000	0.000000	0.000000	0.000000	0.000000	0.000000	0.000000	0.000000	0.000000	0.000000	0.000000	0.000000	1.000000	0.000000	0.000000	0.000000	0.000000	
0.000000	0.000000	1.000000	0.000000	0.000000	0.000000	0.000000	0.000000	0.000000	0.000000	0.000000	0.000000	0.000000	0.000000	0.000000	0.000000	0.000000	0.000000	0.000000	0.000000	
0.045113	0.000000	0.248120	0.187970	0.007519	0.082707	0.000000	0.015038	0.015038	0.007519	0.007519	0.022556	0.022556	0.022556	0.022556	0.165414	0.060150	0.045113	0.000000	0.022556	
0.000000	0.000000	0.000000	1.000000	0.000000	0.000000	0.000000	0.000000	0.000000	0.000000	0.000000	0.000000	0.000000	0.000000	0.000000	0.000000	0.000000	0.000000	0.000000	0.000000	
0.045113	0.000000	0.203008	0.210526	0.022556	0.045113	0.007519	0.037594	0.030075	0.037594	0.015038	0.015038	0.022556	0.007519	0.007519	0.127820	0.060150	0.060150	0.007519	0.037594	
0.067669	0.007519	0.187970	0.180451	0.000000	0.075188	0.007519	0.022556	0.015038	0.060150	0.015038	0.030075	0.052632	0.022556	0.022556	0.082707	0.052632	0.052632	0.000000	0.045113	
0.053030	0.007576	0.113636	0.136364	0.022727	0.090909	0.015152	0.030303	0.022727	0.075758	0.015152	0.037879	0.045455	0.037879	0.053030	0.068182	0.068182	0.075758	0.007576	0.022727	

MOTIF xxxRxx_S_xSPxxx    ...R..S.SP...
letter-probability matrix: alength= 20 w= 13 nsites= 50 E= 8.2e-012
0.120000	0.000000	0.060000	0.040000	0.000000	0.000000	0.000000	0.000000	0.040000	0.040000	0.000000	0.100000	0.140000	0.040000	0.200000	0.140000	0.000000	0.000000	0.000000	0.080000	
0.040000	0.000000	0.020000	0.040000	0.040000	0.060000	0.020000	0.060000	0.100000	0.020000	0.000000	0.000000	0.060000	0.000000	0.340000	0.120000	0.000000	0.060000	0.000000	0.020000	
0.060000	0.000000	0.040000	0.040000	0.000000	0.180000	0.000000	0.000000	0.060000	0.040000	0.020000	0.020000	0.020000	0.020000	0.200000	0.240000	0.000000	0.060000	0.000000	0.000000	
0.000000	0.000000	0.000000	0.000000	0.000000	0.000000	0.000000	0.000000	0.000000	0.000000	0.000000	0.000000	0.000000	0.000000	1.000000	0.000000	0.000000	0.000000	0.000000	0.000000	
0.000000	0.000000	0.100000	0.060000	0.000000	0.040000	0.000000	0.000000	0.000000	0.020000	0.000000	0.020000	0.020000	0.000000	0.120000	0.520000	0.020000	0.000000	0.000000	0.080000	
0.020000	0.000000	0.040000	0.040000	0.000000	0.020000	0.000000	0.060000	0.020000	0.100000	0.040000	0.000000	0.100000	0.020000	0.340000	0.060000	0.020000	0.000000	0.000000	0.120000	
0.000000	0.000000	0.000000	0.000000	0.000000	0.000000	0.000000	0.000000	0.000000	0.000000	0.000000	0.000000	0.000000	0.000000	0.000000	1.000000	0.000000	0.000000	0.000000	0.000000	
0.040000	0.000000	0.020000	0.060000	0.020000	0.020000	0.000000	0.020000	0.040000	0.060000	0.000000	0.020000	0.000000	0.000000	0.420000	0.060000	0.020000	0.100000	0.000000	0.100000	
0.000000	0.000000	0.000000	0.000000	0.000000	0.000000	0.000000	0.000000	0.000000	0.000000	0.000000	0.000000	0.000000	0.000000	0.000000	1.000000	0.000000	0.000000	0.000000	0.000000	
0.000000	0.000000	0.000000	0.000000	0.000000	0.000000	0.000000	0.000000	0.000000	0.000000	0.000000	0.000000	1.000000	0.000000	0.000000	0.000000	0.000000	0.000000	0.000000	0.000000	
0.020000	0.000000	0.100000	0.040000	0.020000	0.060000	0.040000	0.080000	0.000000	0.020000	0.020000	0.000000	0.280000	0.020000	0.020000	0.120000	0.020000	0.120000	0.000000	0.020000	
0.040000	0.000000	0.020000	0.040000	0.000000	0.040000	0.040000	0.000000	0.080000	0.080000	0.000000	0.020000	0.220000	0.020000	0.180000	0.080000	0.000000	0.040000	0.000000	0.100000	
0.040000	0.020000	0.020000	0.060000	0.000000	0.040000	0.020000	0.000000	0.020000	0.080000	0.000000	0.020000	0.040000	0.020000	0.280000	0.100000	0.020000	0.080000	0.020000	0.120000	

MOTIF xxxRxx_S_xDxxxx    ...R..S.D....
letter-probability matrix: alength= 20 w= 13 nsites= 31 E= 1.2e-003
0.032258	0.000000	0.032258	0.032258	0.032258	0.096774	0.032258	0.000000	0.064516	0.096774	0.000000	0.032258	0.096774	0.032258	0.096774	0.129032	0.096774	0.000000	0.064516	0.032258	
0.096774	0.000000	0.000000	0.096774	0.064516	0.032258	0.161290	0.129032	0.032258	0.032258	0.000000	0.032258	0.064516	0.032258	0.129032	0.000000	0.000000	0.064516	0.000000	0.032258	
0.000000	0.000000	0.032258	0.064516	0.032258	0.064516	0.032258	0.000000	0.096774	0.032258	0.000000	0.000000	0.032258	0.064516	0.161290	0.161290	0.129032	0.032258	0.032258	0.032258	
0.000000	0.000000	0.000000	0.000000	0.000000	0.000000	0.000000	0.000000	0.000000	0.000000	0.000000	0.000000	0.000000	0.000000	1.000000	0.000000	0.000000	0.000000	0.000000	0.000000	
0.096774	0.000000	0.032258	0.129032	0.000000	0.032258	0.032258	0.032258	0.096774	0.096774	0.000000	0.000000	0.000000	0.032258	0.064516	0.225806	0.096774	0.000000	0.000000	0.032258	
0.096774	0.000000	0.000000	0.129032	0.032258	0.129032	0.000000	0.064516	0.064516	0.096774	0.000000	0.064516	0.064516	0.000000	0.129032	0.032258	0.000000	0.064516	0.000000	0.032258	
0.000000	0.000000	0.000000	0.000000	0.000000	0.000000	0.000000	0.000000	0.000000	0.000000	0.000000	0.000000	0.000000	0.000000	0.000000	1.000000	0.000000	0.000000	0.000000	0.000000	
0.000000	0.000000	0.064516	0.032258	0.064516	0.096774	0.000000	0.129032	0.000000	0.096774	0.000000	0.032258	0.000000	0.000000	0.032258	0.225806	0.032258	0.129032	0.032258	0.032258	
0.000000	0.000000	1.000000	0.000000	0.000000	0.000000	0.000000	0.000000	0.000000	0.000000	0.000000	0.000000	0.000000	0.000000	0.000000	0.000000	0.000000	0.000000	0.000000	0.000000	
0.000000	0.000000	0.096774	0.225806	0.032258	0.064516	0.000000	0.000000	0.000000	0.096774	0.000000	0.064516	0.000000	0.000000	0.032258	0.290323	0.032258	0.032258	0.000000	0.032258	
0.032258	0.032258	0.161290	0.064516	0.064516	0.064516	0.000000	0.000000	0.000000	0.064516	0.032258	0.032258	0.032258	0.000000	0.064516	0.161290	0.032258	0.064516	0.032258	0.064516	
0.064516	0.000000	0.129032	0.064516	0.129032	0.000000	0.000000	0.000000	0.032258	0.000000	0.000000	0.064516	0.032258	0.032258	0.064516	0.322581	0.032258	0.000000	0.000000	0.032258	
0.000000	0.000000	0.129032	0.161290	0.064516	0.032258	0.000000	0.064516	0.000000	0.064516	0.064516	0.064516	0.032258	0.032258	0.032258	0.161290	0.032258	0.064516	0.000000	0.000000	

MOTIF xxxRxR_S_xSxxxx    ...R.RS.S....
letter-probability matrix: alength= 20 w= 13 nsites= 28 E= 8.0e-008
0.035714	0.000000	0.035714	0.071429	0.000000	0.035714	0.035714	0.000000	0.035714	0.035714	0.000000	0.000000	0.214286	0.071429	0.178571	0.142857	0.000000	0.000000	0.000000	0.107143	
0.000000	0.035714	0.000000	0.000000	0.035714	0.035714	0.071429	0.000000	0.035714	0.000000	0.000000	0.071429	0.142857	0.035714	0.392857	0.142857	0.000000	0.000000	0.000000	0.000000	
0.107143	0.000000	0.000000	0.035714	0.000000	0.035714	0.035714	0.035714	0.000000	0.035714	0.000000	0.035714	0.035714	0.107143	0.285714	0.142857	0.035714	0.035714	0.000000	0.035714	
0.000000	0.000000	0.000000	0.000000	0.000000	0.000000	0.000000	0.000000	0.000000	0.000000	0.000000	0.000000	0.000000	0.000000	1.000000	0.000000	0.000000	0.000000	0.000000	0.000000	
0.000000	0.000000	0.035714	0.035714	0.000000	0.178571	0.000000	0.000000	0.071429	0.035714	0.000000	0.000000	0.000000	0.035714	0.178571	0.392857	0.000000	0.000000	0.000000	0.035714	
0.000000	0.000000	0.000000	0.000000	0.000000	0.000000	0.000000	0.000000	0.000000	0.000000	0.000000	0.000000	0.000000	0.000000	1.000000	0.000000	0.000000	0.000000	0.000000	0.000000	
0.000000	0.000000	0.000000	0.000000	0.000000	0.000000	0.000000	0.000000	0.000000	0.000000	0.000000	0.000000	0.000000	0.000000	0.000000	1.000000	0.000000	0.000000	0.000000	0.000000	
0.000000	0.000000	0.035714	0.000000	0.000000	0.000000	0.000000	0.107143	0.071429	0.035714	0.035714	0.000000	0.000000	0.000000	0.428571	0.071429	0.035714	0.071429	0.000000	0.107143	
0.000000	0.000000	0.000000	0.000000	0.000000	0.000000	0.000000	0.000000	0.000000	0.000000	0.000000	0.000000	0.000000	0.000000	0.000000	1.000000	0.000000	0.000000	0.000000	0.000000	
0.000000	0.000000	0.035714	0.000000	0.035714	0.035714	0.000000	0.071429	0.071429	0.107143	0.000000	0.000000	0.000000	0.000000	0.321429	0.107143	0.000000	0.107143	0.000000	0.107143	
0.000000	0.000000	0.035714	0.142857	0.000000	0.000000	0.000000	0.000000	0.000000	0.000000	0.000000	0.000000	0.071429	0.035714	0.000000	0.607143	0.071429	0.000000	0.000000	0.035714	
0.000000	0.000000	0.035714	0.035714	0.000000	0.035714	0.035714	0.000000	0.000000	0.071429	0.000000	0.035714	0.571429	0.000000	0.071429	0.071429	0.000000	0.000000	0.000000	0.035714	
0.071429	0.000000	0.250000	0.107143	0.035714	0.035714	0.000000	0.035714	0.000000	0.035714	0.000000	0.035714	0.142857	0.000000	0.035714	0.178571	0.000000	0.000000	0.000000	0.035714	

MOTIF xxxxxx_S_DDDxxx    ......SDDD...
letter-probability matrix: alength= 20 w= 13 nsites= 46 E= 3.2e-005
0.043478	0.000000	0.195652	0.108696	0.000000	0.000000	0.000000	0.043478	0.108696	0.086957	0.000000	0.043478	0.065217	0.065217	0.086957	0.065217	0.021739	0.065217	0.000000	0.000000	
0.043478	0.021739	0.108696	0.173913	0.021739	0.043478	0.000000	0.000000	0.043478	0.065217	0.021739	0.065217	0.021739	0.000000	0.043478	0.086957	0.086957	0.130435	0.000000	0.021739	
0.021739	0.000000	0.239130	0.173913	0.000000	0.086957	0.000000	0.021739	0.021739	0.043478	0.021739	0.043478	0.000000	0.000000	0.086957	0.086957	0.021739	0.108696	0.000000	0.021739	
0.043478	0.000000	0.173913	0.130435	0.021739	0.086957	0.000000	0.021739	0.043478	0.086957	0.000000	0.021739	0.043478	0.043478	0.000000	0.173913	0.021739	0.086957	0.000000	0.000000	
0.021739	0.021739	0.217391	0.130435	0.043478	0.043478	0.000000	0.043478	0.021739	0.043478	0.000000	0.043478	0.021739	0.021739	0.021739	0.152174	0.043478	0.086957	0.000000	0.021739	
0.043478	0.000000	0.347826	0.173913	0.021739	0.108696	0.000000	0.021739	0.000000	0.065217	0.000000	0.065217	0.021739	0.000000	0.000000	0.086957	0.021739	0.021739	0.000000	0.000000	
0.000000	0.000000	0.000000	0.000000	0.000000	0.000000	0.000000	0.000000	0.000000	0.000000	0.000000	0.000000	0.000000	0.000000	0.000000	1.000000	0.000000	0.000000	0.000000	0.000000	
0.000000	0.000000	1.000000	0.000000	0.000000	0.000000	0.000000	0.000000	0.000000	0.000000	0.000000	0.000000	0.000000	0.000000	0.000000	0.000000	0.000000	0.000000	0.000000	0.000000	
0.000000	0.000000	1.000000	0.000000	0.000000	0.000000	0.000000	0.000000	0.000000	0.000000	0.000000	0.000000	0.000000	0.000000	0.000000	0.000000	0.000000	0.000000	0.000000	0.000000	
0.000000	0.000000	1.000000	0.000000	0.000000	0.000000	0.000000	0.000000	0.000000	0.000000	0.000000	0.000000	0.000000	0.000000	0.000000	0.000000	0.000000	0.000000	0.000000	0.000000	
0.000000	0.000000	0.311111	0.155556	0.044444	0.088889	0.000000	0.000000	0.133333	0.022222	0.044444	0.022222	0.000000	0.000000	0.022222	0.088889	0.000000	0.044444	0.000000	0.022222	
0.022222	0.000000	0.133333	0.155556	0.066667	0.155556	0.000000	0.022222	0.111111	0.044444	0.000000	0.022222	0.044444	0.000000	0.022222	0.066667	0.044444	0.088889	0.000000	0.000000	
0.022222	0.022222	0.177778	0.177778	0.022222	0.000000	0.000000	0.022222	0.044444	0.022222	0.066667	0.000000	0.044444	0.044444	0.066667	0.111111	0.022222	0.133333	0.000000	0.000000	

MOTIF xxxxSx_S_ExExxx    ....S.SE.E...
letter-probability matrix: alength= 20 w= 13 nsites= 35 E= 1.8e-004
0.000000	0.000000	0.085714	0.200000	0.000000	0.057143	0.057143	0.000000	0.085714	0.028571	0.000000	0.000000	0.000000	0.114286	0.085714	0.142857	0.114286	0.028571	0.000000	0.000000	
0.028571	0.000000	0.114286	0.171429	0.000000	0.085714	0.000000	0.057143	0.114286	0.057143	0.000000	0.000000	0.057143	0.057143	0.057143	0.114286	0.028571	0.028571	0.000000	0.028571	
0.028571	0.028571	0.200000	0.171429	0.028571	0.000000	0.000000	0.057143	0.028571	0.028571	0.000000	0.057143	0.000000	0.000000	0.028571	0.142857	0.028571	0.142857	0.000000	0.028571	
0.057143	0.057143	0.142857	0.171429	0.000000	0.171429	0.000000	0.000000	0.085714	0.057143	0.000000	0.028571	0.028571	0.000000	0.057143	0.114286	0.000000	0.000000	0.000000	0.028571	
0.000000	0.000000	0.000000	0.000000	0.000000	0.000000	0.000000	0.000000	0.000000	0.000000	0.000000	0.000000	0.000000	0.000000	0.000000	1.000000	0.000000	0.000000	0.000000	0.000000	
0.057143	0.000000	0.371429	0.342857	0.000000	0.142857	0.000000	0.000000	0.000000	0.057143	0.000000	0.000000	0.028571	0.000000	0.000000	0.000000	0.000000	0.000000	0.000000	0.000000	
0.000000	0.000000	0.000000	0.000000	0.000000	0.000000	0.000000	0.000000	0.000000	0.000000	0.000000	0.000000	0.000000	0.000000	0.000000	1.000000	0.000000	0.000000	0.000000	0.000000	
0.000000	0.000000	0.000000	1.000000	0.000000	0.000000	0.000000	0.000000	0.000000	0.000000	0.000000	0.000000	0.000000	0.000000	0.000000	0.000000	0.000000	0.000000	0.000000	0.000000	
0.000000	0.000000	0.314286	0.314286	0.000000	0.028571	0.028571	0.000000	0.057143	0.028571	0.000000	0.000000	0.000000	0.000000	0.000000	0.114286	0.057143	0.028571	0.000000	0.028571	
0.000000	0.000000	0.000000	1.000000	0.000000	0.000000	0.000000	0.000000	0.000000	0.000000	0.000000	0.000000	0.000000	0.000000	0.000000	0.000000	0.000000	0.000000	0.000000	0.000000	
0.000000	0.000000	0.142857	0.228571	0.000000	0.028571	0.000000	0.057143	0.114286	0.000000	0.028571	0.142857	0.028571	0.000000	0.057143	0.085714	0.057143	0.028571	0.000000	0.000000	
0.000000	0.000000	0.228571	0.257143	0.028571	0.057143	0.000000	0.057143	0.057143	0.057143	0.000000	0.028571	0.057143	0.000000	0.000000	0.085714	0.028571	0.057143	0.000000	0.000000	
0.057143	0.028571	0.142857	0.200000	0.028571	0.028571	0.028571	0.057143	0.057143	0.057143	0.000000	0.000000	0.057143	0.000000	0.057143	0.057143	0.057143	0.057143	0.000000	0.028571	

MOTIF xxxxxx_S_DSDxxx    ......SDSD...
letter-probability matrix: alength= 20 w= 13 nsites= 30 E= 9.3e-004
0.000000	0.000000	0.066667	0.166667	0.000000	0.033333	0.000000	0.066667	0.100000	0.033333	0.033333	0.066667	0.033333	0.033333	0.266667	0.066667	0.033333	0.000000	0.000000	0.000000	
0.033333	0.000000	0.100000	0.100000	0.033333	0.033333	0.000000	0.033333	0.133333	0.066667	0.000000	0.133333	0.000000	0.033333	0.166667	0.100000	0.000000	0.033333	0.000000	0.000000	
0.066667	0.000000	0.066667	0.100000	0.033333	0.066667	0.000000	0.066667	0.066667	0.066667	0.000000	0.066667	0.066667	0.066667	0.066667	0.133333	0.066667	0.000000	0.000000	0.000000	
0.100000	0.000000	0.100000	0.133333	0.066667	0.133333	0.066667	0.000000	0.033333	0.033333	0.000000	0.033333	0.000000	0.000000	0.100000	0.066667	0.000000	0.066667	0.000000	0.066667	
0.066667	0.000000	0.100000	0.200000	0.000000	0.066667	0.000000	0.000000	0.066667	0.033333	0.000000	0.033333	0.033333	0.033333	0.066667	0.300000	0.000000	0.000000	0.000000	0.000000	
0.066667	0.000000	0.300000	0.133333	0.033333	0.133333	0.000000	0.000000	0.000000	0.066667	0.000000	0.066667	0.000000	0.000000	0.000000	0.133333	0.000000	0.066667	0.000000	0.000000	
0.000000	0.000000	0.000000	0.000000	0.000000	0.000000	0.000000	0.000000	0.000000	0.000000	0.000000	0.000000	0.000000	0.000000	0.000000	1.000000	0.000000	0.000000	0.000000	0.000000	
0.000000	0.000000	1.000000	0.000000	0.000000	0.000000	0.000000	0.000000	0.000000	0.000000	0.000000	0.000000	0.000000	0.000000	0.000000	0.000000	0.000000	0.000000	0.000000	0.000000	
0.000000	0.000000	0.000000	0.000000	0.000000	0.000000	0.000000	0.000000	0.000000	0.000000	0.000000	0.000000	0.000000	0.000000	0.000000	1.000000	0.000000	0.000000	0.000000	0.000000	
0.000000	0.000000	1.000000	0.000000	0.000000	0.000000	0.000000	0.000000	0.000000	0.000000	0.000000	0.000000	0.000000	0.000000	0.000000	0.000000	0.000000	0.000000	0.000000	0.000000	
0.033333	0.000000	0.166667	0.233333	0.033333	0.100000	0.000000	0.000000	0.000000	0.000000	0.000000	0.066667	0.000000	0.033333	0.000000	0.200000	0.100000	0.000000	0.000000	0.033333	
0.033333	0.000000	0.233333	0.200000	0.033333	0.033333	0.000000	0.000000	0.066667	0.000000	0.000000	0.066667	0.100000	0.000000	0.033333	0.133333	0.066667	0.000000	0.000000	0.000000	
0.033333	0.000000	0.100000	0.166667	0.033333	0.133333	0.033333	0.000000	0.066667	0.066667	0.033333	0.033333	0.033333	0.066667	0.000000	0.066667	0.000000	0.033333	0.033333	0.066667	

MOTIF xxxxxG_S_Lxxxxx    .....GSL.....
letter-probability matrix: alength= 20 w= 13 nsites= 23 E= 2.6e-001
0.086957	0.000000	0.130435	0.086957	0.000000	0.043478	0.000000	0.086957	0.000000	0.086957	0.043478	0.000000	0.043478	0.086957	0.130435	0.173913	0.000000	0.000000	0.000000	0.000000	
0.086957	0.000000	0.086957	0.043478	0.043478	0.043478	0.043478	0.000000	0.173913	0.000000	0.043478	0.000000	0.043478	0.000000	0.086957	0.217391	0.043478	0.043478	0.000000	0.000000	
0.086957	0.000000	0.043478	0.043478	0.000000	0.173913	0.000000	0.000000	0.000000	0.043478	0.000000	0.000000	0.086957	0.000000	0.130435	0.173913	0.086957	0.086957	0.000000	0.043478	
0.086957	0.000000	0.043478	0.173913	0.086957	0.000000	0.000000	0.000000	0.000000	0.086957	0.000000	0.000000	0.086957	0.000000	0.086957	0.304348	0.043478	0.000000	0.000000	0.000000	
0.000000	0.000000	0.173913	0.086957	0.000000	0.217391	0.000000	0.000000	0.043478	0.086957	0.000000	0.043478	0.086957	0.043478	0.086957	0.086957	0.000000	0.043478	0.000000	0.000000	
0.000000	0.000000	0.000000	0.000000	0.000000	1.000000	0.000000	0.000000	0.000000	0.000000	0.000000	0.000000	0.000000	0.000000	0.000000	0.000000	0.000000	0.000000	0.000000	0.000000	
0.000000	0.000000	0.000000	0.000000	0.000000	0.000000	0.000000	0.000000	0.000000	0.000000	0.000000	0.000000	0.000000	0.000000	0.000000	1.000000	0.000000	0.000000	0.000000	0.000000	
0.000000	0.000000	0.000000	0.000000	0.000000	0.000000	0.000000	0.000000	0.000000	1.000000	0.000000	0.000000	0.000000	0.000000	0.000000	0.000000	0.000000	0.000000	0.000000	0.000000	
0.043478	0.000000	0.043478	0.086957	0.043478	0.086957	0.000000	0.000000	0.130435	0.043478	0.000000	0.173913	0.130435	0.086957	0.000000	0.086957	0.043478	0.000000	0.000000	0.000000	
0.043478	0.000000	0.130435	0.043478	0.000000	0.000000	0.086957	0.000000	0.086957	0.043478	0.086957	0.043478	0.130435	0.000000	0.043478	0.260870	0.000000	0.000000	0.000000	0.000000	
0.000000	0.000000	0.086957	0.086957	0.043478	0.086957	0.000000	0.086957	0.000000	0.130435	0.043478	0.043478	0.173913	0.000000	0.043478	0.130435	0.000000	0.043478	0.000000	0.000000	
0.086957	0.000000	0.086957	0.043478	0.043478	0.043478	0.000000	0.043478	0.043478	0.000000	0.043478	0.173913	0.000000	0.086957	0.086957	0.086957	0.043478	0.043478	0.000000	0.043478	
0.043478	0.000000	0.260870	0.043478	0.000000	0.086957	0.000000	0.000000	0.043478	0.000000	0.086957	0.043478	0.130435	0.000000	0.086957	0.130435	0.000000	0.043478	0.000000	0.000000	

MOTIF xxxxxx_S_xSxxxx    ......S.S....
letter-probability matrix: alength= 20 w= 13 nsites= 411 E= 1.1e-004
0.051345	0.004890	0.061125	0.078240	0.022005	0.075795	0.026895	0.031785	0.061125	0.036675	0.019560	0.041565	0.063570	0.029340	0.127139	0.127139	0.046455	0.073350	0.004890	0.017115	
0.073171	0.004878	0.085366	0.068293	0.031707	0.073171	0.017073	0.026829	0.065854	0.078049	0.021951	0.029268	0.075610	0.021951	0.112195	0.126829	0.039024	0.041463	0.000000	0.007317	
0.065854	0.000000	0.070732	0.085366	0.012195	0.073171	0.026829	0.029268	0.060976	0.053659	0.007317	0.053659	0.065854	0.021951	0.087805	0.175610	0.029268	0.056098	0.004878	0.019512	
0.048780	0.000000	0.100000	0.075610	0.026829	0.095122	0.031707	0.026829	0.060976	0.060976	0.004878	0.021951	0.100000	0.029268	0.075610	0.141463	0.029268	0.058537	0.000000	0.012195	
0.070732	0.007317	0.073171	0.087805	0.031707	0.053659	0.029268	0.034146	0.026829	0.046341	0.007317	0.046341	0.056098	0.029268	0.112195	0.170732	0.043902	0.056098	0.000000	0.017073	
0.048662	0.012165	0.090024	0.080292	0.031630	0.104623	0.029197	0.034063	0.053528	0.065693	0.007299	0.043796	0.051095	0.026764	0.148418	0.099757	0.017032	0.041363	0.000000	0.014599	
0.000000	0.000000	0.000000	0.000000	0.000000	0.000000	0.000000	0.000000	0.000000	0.000000	0.000000	0.000000	0.000000	0.000000	0.000000	1.000000	0.000000	0.000000	0.000000	0.000000	
0.065693	0.002433	0.070560	0.136253	0.034063	0.119221	0.014599	0.038929	0.009732	0.094891	0.014599	0.021898	0.000000	0.068127	0.099757	0.099757	0.019465	0.068127	0.004866	0.017032	
0.000000	0.000000	0.000000	0.000000	0.000000	0.000000	0.000000	0.000000	0.000000	0.000000	0.000000	0.000000	0.000000	0.000000	0.000000	1.000000	0.000000	0.000000	0.000000	0.000000	
0.041363	0.009732	0.094891	0.128954	0.014599	0.094891	0.012165	0.014599	0.007299	0.031630	0.009732	0.026764	0.189781	0.031630	0.055961	0.145985	0.026764	0.046229	0.009732	0.007299	
0.066339	0.004914	0.081081	0.108108	0.022113	0.068796	0.014742	0.027027	0.039312	0.068796	0.007371	0.036855	0.083538	0.029484	0.036855	0.221130	0.024570	0.049140	0.000000	0.009828	
0.054054	0.004914	0.103194	0.120393	0.024570	0.095823	0.004914	0.022113	0.034398	0.036855	0.009828	0.029484	0.110565	0.041769	0.054054	0.137592	0.031941	0.066339	0.004914	0.012285	
0.061728	0.000000	0.096296	0.086420	0.022222	0.066667	0.024691	0.051852	0.027160	0.044444	0.009877	0.044444	0.056790	0.022222	0.076543	0.175309	0.049383	0.076543	0.002469	0.004938	

MOTIF xxxxxx_S_EDxxxx    ......SED....
letter-probability matrix: alength= 20 w= 13 nsites= 71 E= 1.4e-002
0.028169	0.000000	0.183099	0.084507	0.000000	0.070423	0.028169	0.028169	0.056338	0.014085	0.014085	0.056338	0.014085	0.042254	0.070423	0.070423	0.042254	0.154930	0.014085	0.028169	
0.098592	0.000000	0.112676	0.070423	0.042254	0.056338	0.028169	0.014085	0.028169	0.084507	0.042254	0.014085	0.014085	0.000000	0.070423	0.154930	0.042254	0.084507	0.014085	0.028169	
0.070423	0.014085	0.154930	0.140845	0.042254	0.070423	0.028169	0.014085	0.028169	0.042254	0.000000	0.028169	0.014085	0.028169	0.014085	0.154930	0.056338	0.070423	0.000000	0.028169	
0.098592	0.014085	0.211268	0.169014	0.014085	0.028169	0.014085	0.000000	0.000000	0.042254	0.000000	0.042254	0.042254	0.028169	0.000000	0.183099	0.042254	0.042254	0.000000	0.028169	
0.042254	0.000000	0.183099	0.098592	0.014085	0.028169	0.014085	0.042254	0.000000	0.070423	0.000000	0.014085	0.070423	0.042254	0.028169	0.070423	0.056338	0.169014	0.000000	0.056338	
0.014085	0.000000	0.239437	0.197183	0.000000	0.056338	0.014085	0.028169	0.014085	0.056338	0.014085	0.042254	0.028169	0.000000	0.014085	0.140845	0.042254	0.070423	0.000000	0.028169	
0.000000	0.000000	0.000000	0.000000	0.000000	0.000000	0.000000	0.000000	0.000000	0.000000	0.000000	0.000000	0.000000	0.000000	0.000000	1.000000	0.000000	0.000000	0.000000	0.000000	
0.000000	0.000000	0.000000	1.000000	0.000000	0.000000	0.000000	0.000000	0.000000	0.000000	0.000000	0.000000	0.000000	0.000000	0.000000	0.000000	0.000000	0.000000	0.000000	0.000000	
0.000000	0.000000	1.000000	0.000000	0.000000	0.000000	0.000000	0.000000	0.000000	0.000000	0.000000	0.000000	0.000000	0.000000	0.000000	0.000000	0.000000	0.000000	0.000000	0.000000	
0.028169	0.014085	0.267606	0.323944	0.028169	0.070423	0.014085	0.042254	0.014085	0.014085	0.014085	0.028169	0.000000	0.000000	0.014085	0.098592	0.014085	0.014085	0.000000	0.000000	
0.014085	0.000000	0.225352	0.211268	0.056338	0.056338	0.014085	0.028169	0.056338	0.042254	0.014085	0.042254	0.042254	0.000000	0.014085	0.098592	0.028169	0.042254	0.000000	0.014085	
0.057143	0.000000	0.157143	0.200000	0.000000	0.028571	0.028571	0.057143	0.028571	0.042857	0.028571	0.071429	0.071429	0.014286	0.028571	0.028571	0.042857	0.057143	0.014286	0.042857	
0.057143	0.000000	0.142857	0.085714	0.028571	0.128571	0.000000	0.014286	0.028571	0.057143	0.028571	0.042857	0.057143	0.014286	0.057143	0.128571	0.042857	0.071429	0.000000	0.014286	

MOTIF xxxxxx_S_xExxxx    ......S.E....
letter-probability matrix: alength= 20 w= 13 nsites= 273 E= 6.8e+000
0.051661	0.003690	0.092251	0.121771	0.022140	0.070111	0.014760	0.044280	0.084871	0.051661	0.007380	0.022140	0.051661	0.036900	0.136531	0.110701	0.029520	0.029520	0.000000	0.018450	
0.062500	0.011029	0.080882	0.121324	0.014706	0.058824	0.018382	0.062500	0.044118	0.047794	0.011029	0.069853	0.051471	0.044118	0.084559	0.099265	0.018382	0.077206	0.011029	0.011029	
0.066176	0.000000	0.125000	0.125000	0.036765	0.055147	0.003676	0.036765	0.058824	0.073529	0.000000	0.040441	0.040441	0.022059	0.055147	0.150735	0.040441	0.055147	0.000000	0.014706	
0.040293	0.010989	0.117216	0.128205	0.010989	0.095238	0.007326	0.010989	0.051282	0.025641	0.007326	0.025641	0.058608	0.021978	0.117216	0.179487	0.032967	0.036630	0.003663	0.018315	
0.054945	0.003663	0.124542	0.186813	0.018315	0.051282	0.021978	0.014652	0.021978	0.040293	0.003663	0.062271	0.040293	0.014652	0.032967	0.190476	0.058608	0.051282	0.003663	0.003663	
0.025641	0.010989	0.168498	0.146520	0.014652	0.076923	0.021978	0.036630	0.014652	0.054945	0.007326	0.051282	0.018315	0.021978	0.069597	0.146520	0.021978	0.073260	0.000000	0.018315	
0.000000	0.000000	0.000000	0.000000	0.000000	0.000000	0.000000	0.000000	0.000000	0.000000	0.000000	0.000000	0.000000	0.000000	0.000000	1.000000	0.000000	0.000000	0.000000	0.000000	
0.032967	0.007326	0.157509	0.208791	0.007326	0.109890	0.018315	0.032967	0.025641	0.036630	0.018315	0.043956	0.000000	0.032967	0.025641	0.153846	0.021978	0.054945	0.000000	0.010989	
0.000000	0.000000	0.000000	1.000000	0.000000	0.000000	0.000000	0.000000	0.000000	0.000000	0.000000	0.000000	0.000000	0.000000	0.000000	0.000000	0.000000	0.000000	0.000000	0.000000	
0.033088	0.000000	0.202206	0.150735	0.036765	0.069853	0.011029	0.029412	0.025735	0.036765	0.018382	0.069853	0.022059	0.040441	0.033088	0.132353	0.025735	0.047794	0.003676	0.011029	
0.037313	0.003731	0.115672	0.149254	0.022388	0.067164	0.018657	0.037313	0.037313	0.044776	0.022388	0.059701	0.059701	0.014925	0.059701	0.134328	0.026119	0.067164	0.003731	0.018657	
0.048689	0.011236	0.138577	0.142322	0.029963	0.074906	0.029963	0.014981	0.044944	0.052434	0.011236	0.044944	0.074906	0.007491	0.052434	0.123596	0.033708	0.059925	0.003745	0.000000	
0.033835	0.000000	0.097744	0.157895	0.030075	0.052632	0.015038	0.037594	0.045113	0.056391	0.000000	0.052632	0.067669	0.018797	0.067669	0.139098	0.045113	0.056391	0.007519	0.018797	

MOTIF xxxxxx_S_xGxxxx    ......S.G....
letter-probability matrix: alength= 20 w= 13 nsites= 205 E= 1.3e+002
0.063725	0.009804	0.102941	0.083333	0.009804	0.088235	0.019608	0.019608	0.049020	0.068627	0.024510	0.053922	0.068627	0.034314	0.044118	0.107843	0.078431	0.063725	0.000000	0.009804	
0.039024	0.004878	0.107317	0.131707	0.024390	0.087805	0.024390	0.029268	0.029268	0.078049	0.043902	0.039024	0.048780	0.043902	0.082927	0.063415	0.039024	0.068293	0.000000	0.014634	
0.063415	0.009756	0.073171	0.063415	0.014634	0.073171	0.014634	0.014634	0.073171	0.078049	0.019512	0.019512	0.048780	0.024390	0.058537	0.224390	0.043902	0.063415	0.004878	0.014634	
0.048780	0.004878	0.131707	0.082927	0.014634	0.082927	0.004878	0.014634	0.039024	0.043902	0.000000	0.039024	0.053659	0.024390	0.126829	0.209756	0.058537	0.009756	0.000000	0.009756	
0.048780	0.004878	0.107317	0.097561	0.024390	0.097561	0.024390	0.009756	0.034146	0.048780	0.004878	0.063415	0.068293	0.034146	0.048780	0.165854	0.014634	0.078049	0.009756	0.014634	
0.034146	0.000000	0.102439	0.126829	0.063415	0.092683	0.004878	0.024390	0.053659	0.087805	0.004878	0.048780	0.024390	0.024390	0.082927	0.141463	0.019512	0.048780	0.000000	0.014634	
0.000000	0.000000	0.000000	0.000000	0.000000	0.000000	0.000000	0.000000	0.000000	0.000000	0.000000	0.000000	0.000000	0.000000	0.000000	1.000000	0.000000	0.000000	0.000000	0.000000	
0.029268	0.004878	0.102439	0.102439	0.068293	0.126829	0.019512	0.063415	0.019512	0.063415	0.014634	0.039024	0.000000	0.039024	0.024390	0.156098	0.058537	0.039024	0.004878	0.024390	
0.000000	0.000000	0.000000	0.000000	0.000000	1.000000	0.000000	0.000000	0.000000	0.000000	0.000000	0.000000	0.000000	0.000000	0.000000	0.000000	0.000000	0.000000	0.000000	0.000000	
0.039216	0.004902	0.122549	0.127451	0.024510	0.102941	0.024510	0.019608	0.044118	0.019608	0.000000	0.053922	0.029412	0.014706	0.058824	0.176471	0.049020	0.063725	0.000000	0.024510	
0.058824	0.004902	0.068627	0.102941	0.019608	0.107843	0.024510	0.014706	0.058824	0.083333	0.014706	0.053922	0.034314	0.049020	0.058824	0.147059	0.029412	0.063725	0.004902	0.000000	
0.053922	0.019608	0.107843	0.068627	0.024510	0.073529	0.009804	0.019608	0.044118	0.049020	0.019608	0.044118	0.063725	0.049020	0.034314	0.191176	0.049020	0.068627	0.000000	0.009804	
0.058824	0.004902	0.098039	0.068627	0.009804	0.117647	0.029412	0.024510	0.053922	0.068627	0.019608	0.034314	0.073529	0.019608	0.053922	0.132353	0.053922	0.039216	0.009804	0.029412	

MOTIF xxxKxx_S_xxxxxx    ...K..S......
letter-probability matrix: alength= 20 w= 13 nsites= 76 E= 1.0e+000
0.013158	0.013158	0.118421	0.118421	0.013158	0.039474	0.026316	0.026316	0.144737	0.078947	0.013158	0.039474	0.026316	0.026316	0.000000	0.223684	0.013158	0.052632	0.013158	0.000000	
0.065789	0.000000	0.078947	0.105263	0.013158	0.092105	0.065789	0.039474	0.039474	0.118421	0.013158	0.052632	0.065789	0.026316	0.039474	0.118421	0.013158	0.052632	0.000000	0.000000	
0.105263	0.000000	0.026316	0.078947	0.013158	0.078947	0.000000	0.078947	0.065789	0.065789	0.013158	0.026316	0.039474	0.065789	0.092105	0.065789	0.052632	0.105263	0.013158	0.013158	
0.000000	0.000000	0.000000	0.000000	0.000000	0.000000	0.000000	0.000000	1.000000	0.000000	0.000000	0.000000	0.000000	0.000000	0.000000	0.000000	0.000000	0.000000	0.000000	0.000000	
0.078947	0.000000	0.026316	0.078947	0.013158	0.052632	0.000000	0.039474	0.039474	0.065789	0.013158	0.065789	0.026316	0.013158	0.065789	0.263158	0.105263	0.052632	0.000000	0.000000	
0.065789	0.000000	0.039474	0.092105	0.039474	0.078947	0.026316	0.052632	0.013158	0.105263	0.000000	0.052632	0.039474	0.026316	0.118421	0.092105	0.026316	0.118421	0.000000	0.013158	
0.000000	0.000000	0.000000	0.000000	0.000000	0.000000	0.000000	0.000000	0.000000	0.000000	0.000000	0.000000	0.000000	0.000000	0.000000	1.000000	0.000000	0.000000	0.000000	0.000000	
0.065789	0.000000	0.144737	0.052632	0.065789	0.092105	0.013158	0.026316	0.013158	0.131579	0.000000	0.052632	0.000000	0.000000	0.026316	0.171053	0.039474	0.052632	0.013158	0.039474	
0.065789	0.000000	0.236842	0.000000	0.000000	0.000000	0.013158	0.052632	0.013158	0.118421	0.000000	0.092105	0.157895	0.000000	0.026316	0.000000	0.092105	0.092105	0.000000	0.039474	
0.039474	0.000000	0.171053	0.092105	0.026316	0.039474	0.013158	0.013158	0.026316	0.039474	0.013158	0.039474	0.065789	0.052632	0.039474	0.197368	0.052632	0.026316	0.000000	0.052632	
0.092105	0.000000	0.078947	0.065789	0.039474	0.052632	0.026316	0.013158	0.026316	0.039474	0.013158	0.052632	0.052632	0.052632	0.013158	0.276316	0.065789	0.039474	0.000000	0.000000	
0.078947	0.013158	0.118421	0.092105	0.013158	0.105263	0.026316	0.052632	0.026316	0.065789	0.013158	0.026316	0.144737	0.026316	0.000000	0.131579	0.000000	0.026316	0.000000	0.039474	
0.052632	0.013158	0.052632	0.105263	0.013158	0.065789	0.013158	0.026316	0.026316	0.039474	0.026316	0.013158	0.092105	0.039474	0.026316	0.289474	0.065789	0.026316	0.000000	0.013158	

MOTIF xxxxxx_T_Pxxxxx    ......TP.....
letter-probability matrix: alength= 20 w= 13 nsites= 142 E= 9.6e-013
0.049296	0.000000	0.056338	0.049296	0.049296	0.063380	0.028169	0.035211	0.084507	0.056338	0.028169	0.021127	0.056338	0.014085	0.126761	0.154930	0.070423	0.056338	0.000000	0.000000	
0.098592	0.007042	0.028169	0.077465	0.042254	0.021127	0.007042	0.028169	0.077465	0.070423	0.021127	0.042254	0.098592	0.035211	0.077465	0.169014	0.035211	0.021127	0.021127	0.021127	
0.105634	0.000000	0.028169	0.042254	0.056338	0.049296	0.000000	0.007042	0.049296	0.063380	0.007042	0.049296	0.091549	0.021127	0.112676	0.225352	0.070423	0.021127	0.000000	0.000000	
0.077465	0.007042	0.070423	0.056338	0.021127	0.098592	0.000000	0.021127	0.056338	0.042254	0.007042	0.042254	0.154930	0.035211	0.091549	0.091549	0.063380	0.028169	0.021127	0.014085	
0.091549	0.007042	0.056338	0.014085	0.035211	0.049296	0.014085	0.042254	0.000000	0.084507	0.014085	0.042254	0.183099	0.035211	0.049296	0.140845	0.077465	0.049296	0.000000	0.014085	
0.042254	0.000000	0.021127	0.035211	0.014085	0.077465	0.021127	0.042254	0.070423	0.056338	0.000000	0.070423	0.105634	0.119718	0.035211	0.112676	0.042254	0.098592	0.007042	0.028169	
0.000000	0.000000	0.000000	0.000000	0.000000	0.000000	0.000000	0.000000	0.000000	0.000000	0.000000	0.000000	0.000000	0.000000	0.000000	0.000000	1.000000	0.000000	0.000000	0.000000	
0.000000	0.000000	0.000000	0.000000	0.000000	0.000000	0.000000	0.000000	0.000000	0.000000	0.000000	0.000000	1.000000	0.000000	0.000000	0.000000	0.000000	0.000000	0.000000	0.000000	
0.042254	0.000000	0.042254	0.098592	0.028169	0.049296	0.014085	0.014085	0.042254	0.063380	0.014085	0.014085	0.133803	0.028169	0.119718	0.161972	0.105634	0.021127	0.000000	0.007042	
0.049296	0.007042	0.035211	0.049296	0.007042	0.070423	0.021127	0.014085	0.035211	0.056338	0.007042	0.028169	0.161972	0.049296	0.084507	0.197183	0.056338	0.042254	0.000000	0.028169	
0.063380	0.000000	0.014085	0.049296	0.021127	0.084507	0.007042	0.014085	0.028169	0.056338	0.014085	0.056338	0.126761	0.014085	0.028169	0.274648	0.098592	0.021127	0.000000	0.028169	
0.126761	0.000000	0.042254	0.042254	0.049296	0.049296	0.028169	0.021127	0.042254	0.035211	0.028169	0.063380	0.126761	0.007042	0.126761	0.119718	0.042254	0.028169	0.000000	0.021127	
0.035211	0.000000	0.028169	0.056338	0.028169	0.098592	0.014085	0.042254	0.028169	0.049296	0.007042	0.028169	0.105634	0.035211	0.105634	0.176056	0.070423	0.070423	0.007042	0.014085	

MOTIF xxxxxx_Y_xxxPxx    ......Y...P..
letter-probability matrix: alength= 20 w= 13 nsites= 30 E= 1.7e-002
0.076923	0.000000	0.038462	0.000000	0.000000	0.115385	0.038462	0.000000	0.000000	0.000000	0.000000	0.000000	0.153846	0.076923	0.192308	0.115385	0.076923	0.076923	0.000000	0.038462	
0.068966	0.000000	0.034483	0.034483	0.034483	0.000000	0.000000	0.000000	0.275862	0.000000	0.103448	0.068966	0.068966	0.034483	0.172414	0.034483	0.000000	0.000000	0.000000	0.068966	
0.068966	0.000000	0.034483	0.068966	0.034483	0.000000	0.000000	0.034483	0.034483	0.103448	0.000000	0.000000	0.034483	0.000000	0.344828	0.206897	0.000000	0.034483	0.000000	0.000000	
0.000000	0.000000	0.000000	0.066667	0.000000	0.266667	0.000000	0.000000	0.066667	0.033333	0.066667	0.000000	0.066667	0.000000	0.166667	0.166667	0.033333	0.033333	0.000000	0.033333	
0.066667	0.000000	0.033333	0.133333	0.066667	0.100000	0.033333	0.000000	0.000000	0.033333	0.000000	0.033333	0.033333	0.000000	0.333333	0.066667	0.000000	0.066667	0.000000	0.000000	
0.066667	0.000000	0.100000	0.033333	0.000000	0.066667	0.000000	0.000000	0.066667	0.000000	0.000000	0.100000	0.000000	0.000000	0.066667	0.400000	0.033333	0.033333	0.000000	0.033333	
0.000000	0.000000	0.000000	0.000000	0.000000	0.000000	0.000000	0.000000	0.000000	0.000000	0.000000	0.000000	0.000000	0.000000	0.000000	0.000000	0.000000	0.000000	0.000000	1.000000	
0.000000	0.000000	0.100000	0.000000	0.033333	0.033333	0.000000	0.000000	0.000000	0.100000	0.000000	0.066667	0.033333	0.000000	0.033333	0.433333	0.066667	0.066667	0.000000	0.033333	
0.066667	0.000000	0.066667	0.000000	0.000000	0.066667	0.000000	0.000000	0.000000	0.033333	0.000000	0.000000	0.133333	0.066667	0.233333	0.166667	0.033333	0.066667	0.000000	0.066667	
0.033333	0.000000	0.066667	0.033333	0.000000	0.033333	0.000000	0.000000	0.000000	0.000000	0.000000	0.000000	0.200000	0.000000	0.000000	0.500000	0.033333	0.033333	0.000000	0.066667	
0.000000	0.000000	0.000000	0.000000	0.000000	0.000000	0.000000	0.000000	0.000000	0.000000	0.000000	0.000000	1.000000	0.000000	0.000000	0.000000	0.000000	0.000000	0.000000	0.000000	
0.033333	0.000000	0.066667	0.066667	0.000000	0.000000	0.000000	0.000000	0.033333	0.066667	0.033333	0.000000	0.333333	0.000000	0.233333	0.133333	0.000000	0.000000	0.000000	0.000000	
0.000000	0.000000	0.033333	0.066667	0.000000	0.033333	0.033333	0.000000	0.000000	0.000000	0.000000	0.066667	0.300000	0.033333	0.166667	0.100000	0.066667	0.000000	0.000000	0.100000	

